3 0.7906222990492653 0.6554192229038854 0.1222990492653414 0.06612133605998637
3 0.8085566119273985 0.7259713701431493 0.1313742437337943 0.07498295841854125
3 0.8584701815038893 0.8057259713701431 0.15946413137424373 0.09406952965235174
3 0.9204840103716508 0.6574642126789366 0.09248055315471046 0.05657805044308112
3 0.950086430423509 0.7140422631220177 0.09550561797752809 0.06066802999318337
3 0.5770008643042351 0.3642263122017724 0.29284356093344854 0.3230947511929107
1 0.5285825410544512 0.2919563735514656 0.18652549697493512 0.5839059304703477
3 0.6900518582541054 0.7567280163599182 0.14933880726015564 0.45369461486025914
3 0.36668971477960244 0.7821676891615542 0.1876923076923077 0.43187457396046347
0 0.3028781331028522 0.26430129516019085 0.07795592048401041 0.19595092024539879
0 0.10338807260155575 0.2577164280845262 0.06214779602420051 0.18732106339468307
0 0.8639109766637856 0.1998023176550784 0.073543647363872 0.08513974096796181
0 0.8650648228176318 0.2831561008861622 0.041279170267934304 0.1655010224948875
0 0.6654278305963699 0.2429447852760736 0.051106309420916256 0.1986843899113838
0 0.3823898012100259 0.26339468302658486 0.07563958513396714 0.19413087934560325
0 0.23331028522039757 0.26224948875255627 0.051179775280898905 0.214573960463531