3 0.7255859375 0.8702346041055719 0.427734375 0.2536656891495601
3 0.30517578125 0.6224340175953079 0.2177734375 0.2536656891495601
3 0.53271484375 0.5542521994134897 0.1689453125 0.2873900293255132
3 0.73876953125 0.5689149560117303 0.1767578125 0.21407624633431085
3 0.90576171875 0.6187683284457478 0.1201171875 0.21407624633431085
3 0.06640625 0.6436950146627566 0.1328125 0.2287390029325513
3 0.10595703125 0.3709677419354839 0.1572265625 0.21407624633431085
3 0.33544921875 0.35997067448680353 0.0830078125 0.19208211143695014
3 0.51513671875 0.10337243401759531 0.1279296875 0.1627565982404692
3 0.3408203125 0.1312316715542522 0.078125 0.08357771260997067
3 0.537861328125 0.2922434017595308 0.20184570312500005 0.18985337243401762
3 0.791328125 0.27590909090909094 0.21492187499999993 0.23258064516129037
3 0.758291015625 0.09021994134897361 0.19436523437499997 0.10947214076246334
3 0.16541015625 0.12618768328445748 0.19912109374999998 0.16356304985337244