3 0.22948717948717948 0.678082191780822 0.23846153846153847 0.589041095890411
3 0.05705128205128205 0.795662100456621 0.1141025641025641 0.3858447488584475
3 0.5019230769230769 0.6438356164383562 0.23461538461538461 0.634703196347032
3 0.6634615384615384 0.7146118721461188 0.1987179487179487 0.4840182648401826
3 0.9108974358974359 0.7191780821917808 0.17564102564102563 0.3972602739726027
3 0.36538461538461536 0.2888127853881279 0.1717948717948718 0.3949771689497717
3 0.7346153846153847 0.2682648401826484 0.18974358974358974 0.3401826484018265
3 0.5916666666666667 0.158675799086758 0.1935897435897436 0.317351598173516
3 0.25769230769230766 0.12100456621004566 0.18717948717948718 0.2420091324200913
3 0.43846153846153846 0.07990867579908675 0.11025641025641025 0.1598173515981735
3 0.9115384615384615 0.09931506849315068 0.1282051282051282 0.19863013698630136