3 0.5867983367983368 0.4756468797564688 0.2588357588357588 0.1263318112633181
1 0.37398128898128896 0.3870015220700152 0.6939085239085239 0.4774124809741249
0 0.7821933471933472 0.4904718417047184 0.19818087318087327 0.4756164383561644
0 0.9223700623700625 0.44073059360730593 0.05086278586278593 0.20305936073059355
0 0.959012474012474 0.5068036529680365 0.08197505197505187 0.30388127853881275
3 0.46296257796257795 0.8221765601217655 0.20153846153846147 0.1510502283105023
3 0.5246257796257797 0.7132724505327245 0.0930769230769231 0.07184170471841711
3 0.505883575883576 0.7732267884322679 0.11073804573804577 0.09919330289193305
3 0.5851039501039501 0.6046423135464232 0.08266112266112265 0.07776255707762562
0 0.3345114345114345 0.44767123287671234 0.06252598752598751 0.09832572298325726
0 0.6704677754677755 0.42529680365296807 0.06886694386694386 0.13220700152207004