3 0.6069148936170212 0.2765957446808511 0.1202127659574468 0.07092198581560284
1 0.4131914893617021 0.28960283687943256 0.5242659574468085 0.4269503546099291
0 0.5422659574468085 0.7069787234042554 0.371063829787234 0.2121418439716313
0 0.5408510638297872 0.8806808510638298 0.3682234042553191 0.17092198581560283
0 0.8881702127659574 0.31629787234042556 0.07351063829787224 0.43780141843971626
0 0.7099148936170213 0.3089219858156028 0.08843617021276583 0.34726241134751773
0 0.7966489361702128 0.2726241134751773 0.06395744680851052 0.2455886524822695
0 0.9552234042553192 0.23763120567375887 0.05847872340425535 0.19428368794326237
0 0.6007446808510639 0.2138581560283688 0.03063829787234038 0.07401418439716313
0 0.5663829787234043 0.21354609929078017 0.03204255319148924 0.0713191489361702
0 0.6436063829787234 0.21198581560283686 0.032191489361702116 0.08273758865248225