3 0.326 0.8488372093023255 0.316 0.23044397463002114
3 0.695 0.857293868921776 0.286 0.24312896405919662
3 0.163 0.5792811839323467 0.294 0.22410147991543342
3 0.516 0.5909090909090909 0.296 0.2219873150105708
3 0.793 0.6109936575052854 0.234 0.20718816067653276
3 0.19651999999999997 0.13769556025369978 0.29222000000000004 0.23651162790697675
3 0.50668 0.1383509513742072 0.30858 0.22509513742071882
3 0.80926 0.1484778012684989 0.26972 0.24539112050739953
3 0.16512000000000002 0.3478012684989429 0.26544000000000006 0.20847780126849896
3 0.51148 0.36257928118393234 0.3341800000000001 0.22961945031712477
3 0.79886 0.36556025369978856 0.21694000000000005 0.1932558139534884