3 0.8875 0.7375 0.046875 0.09166666666666666
1 0.831140625 0.6353125 0.18664062500000006 0.3698125
0 0.49725 0.6890208333333334 0.259515625 0.6188541666666666
0 0.1149375 0.7200000000000001 0.21676562500000002 0.5599999999999999
0 0.23149999999999998 0.4776458333333334 0.09362500000000003 0.3919791666666667
0 0.114015625 0.4585000000000001 0.10865625000000004 0.37033333333333335
0 0.879265625 0.3192083333333333 0.057906249999999916 0.14589583333333336
0 0.777703125 0.314 0.04854687499999999 0.15631250000000002
0 0.71021875 0.32587499999999997 0.051046874999999936 0.12589583333333335
0 0.502890625 0.31795833333333334 0.045781249999999926 0.1184166666666667
0 0.371640625 0.4585208333333333 0.07079687500000001 0.27035416666666673